#hei
x <- 2+2

y=55