#hei
x <- 2+2